Cifar10, Federated Model, IDD, minibatch_size: 32
FedTrainE1B32 = [1.9066104467391969, 1.3896569100062053, 1.2818882042566935, 1.1372992761611938, 1.0303311753590902, 0.9252978190422058, 0.8431411175727844, 0.7405657504717509, 0.6557041335423788, 0.5699724587440491, 0.47131931937535604, 0.3758489845275879, 0.3177367455323537, 0.2506255707740784, 0.19696888527075448, 0.152356272538503, 0.11079388360579809, 0.09105312744180362, 0.06438395528594652, 0.06146648137370745, 0.05267439859410127, 0.037663372950752574, 0.02781500959446033, 0.024737535152832668, 0.020225047103439767, 0.021344026894370715, 0.0190394498338302, 0.011764107040315866, 0.010154553274748226, 0.008806227297397952, 0.010049073488668849, 0.02430696838113169, 0.007560181956334661, 0.006530234947040056, 0.004642962963599712, 0.005869189278408885]
FedTestE1B32 = [1.9094905448913575, 1.4220015165328979, 1.336614716720581, 1.2430428091049195, 1.1804334516525268, 1.1296327535629271, 1.113074057006836, 1.0697427610397339, 1.0771385793685913, 1.0613045579910279, 1.0833298036575318, 1.1038811038017273, 1.1512953784942628, 1.192040916633606, 1.2289604808807373, 1.3136301208496093, 1.385645700263977, 1.4672927578926087, 1.5878076496124267, 1.6886733112335206, 1.753596622467041, 1.832243071746826, 1.8497935220718384, 1.9945525346755981, 2.0978639810562134, 2.1262221101760863, 2.2113976657867433, 2.4061071434020995, 2.328610691452026, 2.41045161113739, 2.485910801887512, 2.706291488456726, 2.6156313899993897, 2.720440794372559, 2.7933149724960327, 2.891578310012817]
FedAccuracyE1B32 = [0.3568, 0.4875, 0.523, 0.5628, 0.5792, 0.5967, 0.6096, 0.6263, 0.6293, 0.6403, 0.6473, 0.6515, 0.6525, 0.648, 0.6486, 0.6429, 0.6417, 0.6418, 0.6427, 0.6381, 0.6325, 0.6303, 0.6383, 0.6342, 0.636, 0.6325, 0.6304, 0.6397, 0.6306, 0.6329, 0.6298, 0.6159, 0.6311, 0.6299, 0.6273, 0.6342]
