Cifar10, Single party 0, IDD, minibatch_size: 32
Ind0Train = [1.9541933254241943, 1.523034427833557, 1.3119189247131349, 1.1518221868515015, 0.9430370086669921, 0.7536333564758301, 0.5555902564048767, 0.37244719870090487, 0.23281375331878662, 0.1456223219871521, 0.06080362426638603, 0.0730151156861335, 0.05422858300209046, 0.03927760387957096, 0.0449743577927351, 0.09982412522733211, 0.04275896684229374, 0.04011773665249348, 0.03360381504222751, 0.06561110251992941, 0.053134480527043344, 0.03918905708193779, 0.06843166394457222, 0.020662040036171676, 0.01525720124458894, 0.04005962270461023, 0.01888983900239691, 0.051974601081677244, 0.034355486188270154, 0.007880001741088927, 0.0030936136616626754, 0.01954399258485064, 0.06159111382048577, 0.04116813051295467, 0.05150236361231655, 0.010619030335219578]
Ind0Test = [1.7006704557418824, 1.4460529842376708, 1.4193805936813355, 1.4004812427520752, 1.5533728908538817, 1.4333180896759032, 1.430179545211792, 1.7457607213973998, 2.010595889091492, 2.036130590057373, 2.447990998649597, 2.515484147262573, 2.4842319267272948, 2.740720422935486, 2.682491728591919, 2.662107242202759, 2.8515857116699217, 3.087960395050049, 3.182775664138794, 2.9412732669830324, 3.1371313247680663, 3.3257886699676513, 3.1663549842834473, 3.4495187602996826, 3.734816351318359, 3.586199312210083, 3.681518856048584, 3.7682261028289794, 3.5125544719696045, 3.8375359298706053, 3.8883098266601563, 4.168276550292969, 3.656732933425903, 3.9035469326019285, 3.9986705619812013, 4.161073244857788]
Ind0Accuracy = [0.3844, 0.4714, 0.4817, 0.5119, 0.4974, 0.5389, 0.5567, 0.5402, 0.5097, 0.5527, 0.5333, 0.5445, 0.543, 0.5352, 0.54, 0.5508, 0.5417, 0.5271, 0.5289, 0.5285, 0.5361, 0.5229, 0.5306, 0.5302, 0.5255, 0.5334, 0.5249, 0.5243, 0.5287, 0.5417, 0.539, 0.5329, 0.5103, 0.5156, 0.5301, 0.5381]
