MIA, Federated E1B64, IDD, minibatch_size: 32
per_class = [0.6263537906137184, 0.6250715512306811, 0.6689595872742906, 0.6974093264248704, 0.7032967032967034, 0.6730190571715146, 0.6623586429725363, 0.6386075949367088, 0.6239202657807309, 0.6385964912280702, 0.39931350114416475, 0.41723356009070295, 0.3363286264441592, 0.29945054945054944, 0.3022049286640726, 0.3024523160762943, 0.33375474083438683, 0.3881118881118881, 0.37696969696969695, 0.3635265700483092, 0.40348837209302324, 0.38377192982456143, 0.35375, 0.25277777777777777, 0.33492252681764006, 0.2987179487179487, 0.3772455089820359, 0.36177884615384615, 0.37822014051522246, 0.3447867298578199, 0.40348837209302324, 0.38377192982456143, 0.35375, 0.25277777777777777, 0.33492252681764006, 0.2987179487179487, 0.3772455089820359, 0.36177884615384615, 0.37822014051522246, 0.3447867298578199, 1.0, 1.0, 1.0, 1.0, 1.0, 1.0, 1.0, 1.0, 1.0, 1.0, 0.5167682926829268, 0.5285935085007728, 0.5675422138836773, 0.6236391912908242, 0.5752475247524752, 0.5714285714285714, 0.5432409739714525, 0.547576301615799, 0.5238907849829352, 0.5334555453712191, 0.5300285986653956, 0.527927927927928, 0.5933503836317136, 0.6340956340956341, 0.5931790499390986, 0.5452586206896551, 0.5261813537675607, 0.549127640036731, 0.5345092024539877, 0.5277989337395278, 0.6106060606060606, 0.5665961945031712, 0.6498493975903614, 0.7562425683709869, 0.7, 0.6425419240953222, 0.5922974767596282, 0.595945945945946, 0.5775922059846903, 0.5941734417344173]
average = 0.6552
