MIA, Federated E1B64, IDD, minibatch_size: 32
per_class = [0.6106060606060606, 0.5665961945031712, 0.6498493975903614, 0.7562425683709869, 0.7, 0.6425419240953222, 0.5922974767596282, 0.595945945945946, 0.5775922059846903, 0.5941734417344173]
average = 0.6552
