Cifar10, Cyclic Weight Transfer, IDD, minibatch_size: 32
CycTrTrain = [[1.9441357191085815, 1.5377076530456544], [1.4628417387008668, 1.311046069908142], [1.281650506401062, 1.1659668831825256], [1.1832711696624756, 1.0563551685333252], [1.0821447998523712, 0.9388280247688293], [1.0027599766731263, 0.8635170215606689], [0.9331247610092163, 0.7907879789352417], [0.8736550645828247, 0.7115314430236817], [0.8146284938812256, 0.6332689287185669], [0.7317349952697754, 0.5439347692489624], [0.6917844751358032, 0.5091798665046692], [0.63384515209198, 0.43661172575950624], [0.5440586772918701, 0.3789170066356659], [0.522026240682602, 0.31877116107940673], [0.4808942174911499, 0.2741338008880615], [0.41323477411270143, 0.21654918766021727], [0.36263760480880736, 0.19179365644454957], [0.31969836750030517, 0.16121458573341368]]
CyctTrTest = [[1.7162670013427734, 1.4440873737335205], [1.3303590091705322, 1.2728423738479615], [1.2518536380767822, 1.2238581464767455], [1.1924022308349609, 1.1630567279815673], [1.1284808193206788, 1.1461583190917968], [1.078483843612671, 1.167009181213379], [1.0744552946090697, 1.072474433517456], [1.08917091217041, 1.0860058988571166], [1.046105626296997, 1.1054409908294678], [1.0775405311584472, 1.1074964607238769], [1.0631241445541382, 1.226164136505127], [1.1362114850997924, 1.182403494644165], [1.1568434295654297, 1.2699027614593505], [1.2361463226318359, 1.3212051227569581], [1.2946863941192628, 1.3334695056915282], [1.3323147590637208, 1.4121721057891845], [1.444401732635498, 1.4927638626098634], [1.480220623779297, 1.594077304458618]]
CycTrAccuracy = [[0.3952, 0.481], [0.516, 0.5526], [0.5582, 0.571], [0.5834, 0.593], [0.614, 0.6012], [0.628, 0.5956], [0.6288, 0.6452], [0.628, 0.6408], [0.644, 0.6424], [0.6442, 0.6502], [0.6504, 0.6238], [0.6392, 0.6506], [0.641, 0.6328], [0.6378, 0.6364], [0.6254, 0.637], [0.6414, 0.6442], [0.6296, 0.643], [0.6306, 0.6328]]
