Cifar, Centralized, IDD, minibatch_size: 32
NFTrainReg = [1.8204744771957397, 1.4580925384521484, 1.3004989506403606, 1.1839874678293865, 1.077605230331421, 0.9722607930819194, 0.87881035973231, 0.8114381491025289, 0.7170351206143697, 0.6417093802928925, 0.5855106974601746, 0.5076499242941539, 0.46961874260902403, 0.41334329259395597, 0.38633563154538475, 0.35026656455993654, 0.32274593698183696, 0.2945467694282532, 0.2823630427598953, 0.26979783673683805, 0.25677170105377833, 0.23622390968004864, 0.22808910864194235, 0.21485097380479176, 0.21599244201183318, 0.19458562177419664, 0.19419167163173356, 0.1859757740775744, 0.17794264809091886, 0.18682905542254447, 0.17510733297069866, 0.17452179312507313, 0.16649991782108942, 0.17342467904289563, 0.16697821046511332, 0.15795775826076666]
NFTestReg = [1.4865053997039794, 1.3408766212463379, 1.1933569164276123, 1.170176146507263, 1.097082382965088, 1.0873581323623658, 1.0891673141479492, 1.0630471189498902, 1.0679349868774415, 1.0891971037864685, 1.1057307178497315, 1.1359096460342408, 1.1929256422042847, 1.2242209617614745, 1.3005383192062379, 1.2944424680709838, 1.347481192111969, 1.3442240308761597, 1.3857413892269135, 1.454404386138916, 1.4517171217918396, 1.4811709600448608, 1.52907723236084, 1.5940099704742432, 1.5261799907684326, 1.6266753642082215, 1.6445945180892945, 1.6524176229476928, 1.6711959696769714, 1.7011292536735534, 1.7434949243545532, 1.7825145853042603, 1.7872162350654601, 1.7924878105163575, 1.7634663061141969, 1.7710677907943726]
NFAccuracyReg = [0.451, 0.5239, 0.5738, 0.5874, 0.6149, 0.6245, 0.6189, 0.6349, 0.6374, 0.641, 0.6429, 0.6465, 0.6371, 0.6365, 0.6346, 0.6496, 0.6417, 0.645, 0.6447, 0.6427, 0.6318, 0.6495, 0.647, 0.6393, 0.6485, 0.6478, 0.6339, 0.6397, 0.6475, 0.6386, 0.6348, 0.6301, 0.6412, 0.6367, 0.6416, 0.6446]
