MIA, Federated E3B32, IDD, minibatch_size: 32
per_class = [0.6344569288389513, 0.5847728726807422, 0.69108049311095, 0.7172413793103448, 0.7022603273577552, 0.6848184818481848, 0.637090909090909, 0.594859241126071, 0.5963488843813387, 0.6039867109634551]
average = 0.6985
