Cifar, Centralized, IDD, minibatch_size: 32
NFTrain = [1.719082844988505, 1.349962018585205, 1.1770811246554056, 1.0028079477628071, 0.8391681235949199, 0.6876179656982422, 0.5250387317339579, 0.3640224265734355, 0.24458047496477764, 0.1510096059123675, 0.10274521511395772, 0.08538264012932778, 0.053326050301392876, 0.04740775490999222, 0.06404749160607656, 0.05308399136265119, 0.043802543010314304, 0.058384293968478836, 0.049053329860170684, 0.03628959547330936, 0.010064619627098242, 0.036610301562398674, 0.08315144632955392, 0.07725664040843645, 0.030453968393305938, 0.008907629987224936, 0.008824535243771971, 0.02690066339870294, 0.03793648901060224, 0.07336148927509785, 0.052147821858276926, 0.03908188470279177, 0.02388854289750258, 0.016607596573792398, 0.017116526336378106, 0.015441842354337374]
NFTest = [1.4838063352584838, 1.2763864990234375, 1.1968445217132568, 1.1339774951934813, 1.2751987703323364, 1.1750581304550172, 1.2514128379821778, 1.4173511966705323, 1.5471537586212158, 1.7186369552612304, 1.8117799095153808, 1.955406042098999, 2.1301918411254883, 2.210053332901001, 2.235288965988159, 2.4439483352661133, 2.57243642616272, 2.5544876918792725, 2.7605338401794435, 2.7139848697662354, 2.918028089904785, 2.973620260620117, 2.8089832820892333, 2.979318120574951, 3.0870589576721192, 3.0693486328125, 3.2244006965637206, 3.1937068717956545, 3.2900033195495606, 3.3956712745666504, 3.373439060974121, 3.2280850326538086, 3.4379096672058105, 3.5290772048950196, 3.794710894012451, 3.5112876247406004]
NFAccuracy = [0.4576, 0.5414, 0.5776, 0.5986, 0.5812, 0.621, 0.6232, 0.618, 0.6328, 0.6184, 0.6218, 0.6262, 0.6198, 0.6212, 0.6128, 0.6182, 0.6254, 0.624, 0.6158, 0.6198, 0.6202, 0.6018, 0.6006, 0.607, 0.6072, 0.6274, 0.6224, 0.605, 0.6058, 0.6124, 0.5938, 0.6102, 0.6178, 0.6178, 0.61, 0.6208]
