Cifar10, Cyclic Weight Transfer, IDD, minibatch_size: 32
CycTrTrain = [[1.8975598930358886, 1.6001355434417726], [1.5016019449234008, 1.3092410394668579], [1.3337503692626953, 1.1255332759857177], [1.2283997779846192, 1.0108398849487306], [1.0838044864654541, 0.8234789390563965], [0.9653972706794739, 0.6987858310699463], [0.8745055160522461, 0.5708524609565735], [0.7317618124008178, 0.4120705839633942], [0.6104869273662568, 0.2959407422542572], [0.5050722250938415, 0.21455503253936767], [0.3900131239891052, 0.14758297610282897], [0.299944242811203, 0.10619491747021675], [0.23086479797363282, 0.07018549081683159], [0.19714582471847533, 0.05863340303897858], [0.1517053343296051, 0.03537721797823906], [0.19086682798862456, 0.06103378792703152], [0.1917121892809868, 0.03683192116320133], [0.12340724305510521, 0.04739127505645156]]
CyctTrTest = [[1.6477380235671997, 1.5851945413589477], [1.448299089050293, 1.395019569015503], [1.2936938076019286, 1.258465302658081], [1.2931531621932983, 1.3150976251602173], [1.1945978897094727, 1.190862361907959], [1.2005650634765626, 1.177585520172119], [1.1688184062957763, 1.297746090698242], [1.2638376640319824, 1.3791711833953857], [1.2179664190292359, 1.372363836288452], [1.3667327884674072, 1.5717621040344238], [1.4982826431274414, 1.7377014015197754], [1.6000149562835693, 1.794251589202881], [1.8040952339172363, 1.9433173412322997], [1.8993183013916015, 2.1524773439407348], [2.053964392089844, 2.269782113647461], [2.1846512363433837, 2.248913880157471], [2.275665386199951, 2.348931229400635], [2.31196562461853, 2.401163124084473]]
CycTrAccuracy = [[0.3968, 0.424], [0.4798, 0.5014], [0.5406, 0.5398], [0.5452, 0.542], [0.5784, 0.5966], [0.5954, 0.6072], [0.6094, 0.607], [0.606, 0.6138], [0.627, 0.6116], [0.6184, 0.6], [0.6062, 0.6086], [0.6014, 0.6166], [0.601, 0.6198], [0.5992, 0.5986], [0.6058, 0.6136], [0.5842, 0.6062], [0.5904, 0.6074], [0.6024, 0.6214]]
