Cifar10, Single party 0, IDD, minibatch_size: 32
Ind0TrainReg = [1.9911243461608887, 1.6345756101608275, 1.4839926691055298, 1.3846185198783874, 1.256392045021057, 1.1127604721069335, 1.0231363105773925, 0.8823069929122925, 0.7616404201507568, 0.651083224105835, 0.5934424410820007, 0.48473151655197144, 0.4237629577636719, 0.35764384899139406, 0.32478549280166624, 0.27846612758636474, 0.24245867910385133, 0.22137040247917175, 0.19808151729106904, 0.17389872688651084, 0.15277335133552553, 0.16997317652702332, 0.1586362370491028, 0.1338326567173004, 0.12576093454360962, 0.11928233590126038, 0.11465423040091992, 0.11403867941871286, 0.11084066668152809, 0.11857746476233005, 0.09575849952995777, 0.10714686580449342, 0.09163436988592148, 0.09919360522925853, 0.09088216558098793, 0.10989264813363551]
Ind0TestReg = [1.7682067211151122, 1.6249959421157838, 1.508825400543213, 1.474756188583374, 1.3656749572753906, 1.3695471614837647, 1.329418124771118, 1.3607097541809081, 1.4008069412231445, 1.4852868921279907, 1.454106314277649, 1.5693259593963622, 1.5585301359176635, 1.7035652757644653, 1.7899711063385009, 1.8397604103088379, 1.7877940767288207, 1.8787300079345703, 2.020933162879944, 2.060915421104431, 2.13034679107666, 2.188482789039612, 2.155155446243286, 2.16310639667511, 2.260002952003479, 2.4169721546173095, 2.333156171417236, 2.2874899589538575, 2.351869578742981, 2.461222352600098, 2.425198440170288, 2.37914260635376, 2.449692819595337, 2.566642086791992, 2.5361206670761107, 2.606156582260132]
Ind0AccuracyReg = [0.354, 0.4112, 0.4498, 0.4757, 0.5149, 0.5158, 0.5358, 0.5403, 0.5381, 0.5288, 0.5469, 0.5379, 0.5434, 0.5504, 0.5455, 0.5527, 0.5614, 0.5574, 0.5576, 0.5461, 0.5445, 0.5349, 0.5586, 0.5624, 0.5619, 0.5551, 0.5644, 0.5631, 0.5514, 0.5564, 0.5442, 0.5507, 0.5504, 0.5517, 0.5535, 0.5553]
