Cifar10, Federated Model, IDD, minibatch_size: 32
FedTrainE1B64 = [1.9551773131052652, 1.5109496791203816, 1.3343133937199911, 1.2280411218643188, 1.1032662370681763, 1.0277274811426798, 0.9417592786471048, 0.8835768776893616, 0.8199153347969055, 0.7389909559567769, 0.6506730312029521, 0.6172625790278117, 0.5497963446458181, 0.4896028762976328, 0.44157916858990987, 0.35436691506703694, 0.3183012537638346, 0.2650477343400319, 0.20789132913748423, 0.1588365970849991, 0.13620774028301239, 0.1060966149965922, 0.08704390456676483, 0.06249612308343252, 0.05421216632127762, 0.05546835423707962, 0.04258589466810227, 0.028359482816855113, 0.02540707011570533, 0.019701359888166188, 0.01902269349247217, 0.014140415861581762, 0.01089472517364969, 0.010010963798190156, 0.011445274929453929, 0.007484005859618385]
FedTestE1B64 = [1.955414814376831, 1.5296016119003295, 1.3785460664749145, 1.2994595100402833, 1.2108293424606322, 1.1688935831069946, 1.1281919912338256, 1.0958746099472045, 1.0859116998672484, 1.0505816764831544, 1.031676459312439, 1.0451035407066345, 1.0322404579162598, 1.0774299417495727, 1.0854945693016052, 1.0723204259872436, 1.1179626000404357, 1.1365919680595398, 1.2024104303359986, 1.2420549180984497, 1.3033364644050598, 1.3655395665168761, 1.3881642390251159, 1.4906746997833251, 1.560192495727539, 1.6452531266212462, 1.7189314069747925, 1.7171449773788452, 1.810110788345337, 1.8407028955459594, 1.915370641708374, 2.0544872666835783, 2.106391272354126, 1.9822244716644286, 2.1316884025573732, 2.1172396383285523]
FedAccuracyE1B64 = [0.3482, 0.4508, 0.505, 0.5414, 0.5702, 0.5854, 0.5979, 0.6182, 0.6214, 0.6383, 0.6487, 0.6476, 0.649, 0.6439, 0.6472, 0.6553, 0.6504, 0.6501, 0.6533, 0.6551, 0.6555, 0.6471, 0.6551, 0.6542, 0.6568, 0.6456, 0.6422, 0.6464, 0.6512, 0.6498, 0.645, 0.6505, 0.6533, 0.6518, 0.6468, 0.6513]
