Cifar10, Federated Model, IDD, minibatch_size: 32
FedTrainE3B64 = [1.7668445729573568, 1.148776762898763, 0.8399965336481731, 0.6019588180859884, 0.39917525595029196, 0.2533446204980214, 0.16201219920714696, 0.09856570098400116, 0.07395939983427524, 0.05087746136337519, 0.03843658788353205, 0.04190231752693653]
FedTestE3B64 = [1.7803333318710328, 1.2549067026138305, 1.143563941192627, 1.1464894813537598, 1.2511172565460205, 1.4017575925827026, 1.5706456073760986, 1.728272173690796, 1.8318801246643066, 1.8413328887939453, 1.8964005252838134, 2.012406978607178]
FedAccuracyE3B64 = [0.3996, 0.561, 0.6124, 0.6298, 0.6354, 0.643, 0.6366, 0.638, 0.6388, 0.6356, 0.6312, 0.6302]
