Cifar, Centralized, IDD, minibatch_size: 32
NFTrain = [1.6617036235173543, 1.2545531574885052, 1.065625559012095, 0.9450706464449564, 0.843060758113861, 0.7396104147275289, 0.6575809538841247, 0.5719778953870137, 0.49295522435506184, 0.4140791877587636, 0.33969763177235923, 0.2732781884034475, 0.21718373477458955, 0.18320696291128793, 0.14183817796508472, 0.12971394999424615, 0.10586964554786682, 0.0790165838420391, 0.09397401720881463, 0.057944777931272985, 0.09452970178325971, 0.06359748226056497, 0.06967847709655761, 0.05402035360087951, 0.04399291414966186, 0.05143654619728526, 0.0815618443508943, 0.06439420652041833, 0.048951475736871364, 0.03950673271889488, 0.053544221829498806, 0.06045263132403294, 0.021665335269334417, 0.049149381061332924, 0.05877630167665581, 0.03987385909905036]
NFTest = [1.3900021112442016, 1.16160502948761, 1.1545565032958984, 1.07372337474823, 1.0564386436462403, 1.1561051959991455, 1.0431061931610108, 1.1193180637359619, 1.142689800643921, 1.1841405941009522, 1.292629386138916, 1.406618966293335, 1.5463887222290038, 1.629752463912964, 1.7188020671844482, 1.8721035202026368, 2.089914270401001, 2.1610110282897947, 2.170210813522339, 2.286915809249878, 2.3209552574157715, 2.4832481330871583, 2.4398581741333007, 2.6918793144226076, 2.567031079483032, 2.7496995574951173, 2.8191602779388427, 2.7461666553497315, 3.014724356842041, 2.9301202724456785, 3.063030311584473, 3.0897369842529296, 3.2287244018554686, 3.3431266510009765, 3.2252445419311524, 3.273479393005371]
NFAccuracy = [0.5062, 0.593, 0.5982, 0.6338, 0.6482, 0.6212, 0.6538, 0.6526, 0.6592, 0.6606, 0.6506, 0.6492, 0.6454, 0.6378, 0.643, 0.646, 0.6316, 0.6406, 0.6468, 0.6374, 0.6456, 0.6294, 0.6392, 0.6364, 0.6364, 0.6282, 0.6378, 0.6328, 0.6282, 0.6318, 0.6136, 0.6324, 0.635, 0.6146, 0.6316, 0.626]
