Cifar10, Single party 0, IDD, minibatch_size: 32
Ind0TrainReg = [1.973967743873596, 1.678548222732544, 1.5163157070159912, 1.4018650972366333, 1.2807928248405456, 1.1933639947891235, 1.0740548645019532, 0.9627917252540589, 0.8557814526557922, 0.7545795011520385, 0.6384564575195313, 0.5626184031486511, 0.444755508518219, 0.4016330207467079, 0.3503467277050018, 0.2901887989997864, 0.3050009390830994, 0.25049884041547776, 0.2419149567604065, 0.18801103920936585, 0.17532090344429016, 0.17611867505311965, 0.1525719535112381, 0.144371681535244, 0.13497886496782302, 0.12155152124762535, 0.11554763193130493, 0.10117328935414553, 0.09335495386123657, 0.10185111591219902, 0.09801093629896641, 0.11804202415645122, 0.10742788624465466, 0.09446150422096253, 0.09688923660367728, 0.0784960236504674]
Ind0TestReg = [1.8627386817932128, 1.5231629713058472, 1.4723855892181397, 1.4158929990768432, 1.3536271436691285, 1.3616022144317628, 1.3269202632904054, 1.3386325210571288, 1.3374562210083007, 1.3171460109710693, 1.3791010152816772, 1.423863076210022, 1.4955664417266845, 1.5497122013092042, 1.6457292850494385, 1.7936527565002442, 1.6715545993804932, 1.8447330787658691, 1.8223351333618165, 1.9363960510253906, 1.964848190689087, 1.9733104595184325, 1.9681696365356445, 2.098251713180542, 2.0661978759765627, 2.2679389724731447, 2.16298829536438, 2.1747221660614016, 2.38911159286499, 2.3576434017181396, 2.386180549621582, 2.3719582778930666, 2.4050884880065917, 2.4922397300720216, 2.459494045257568, 2.5092618663787842]
Ind0AccuracyReg = [0.317, 0.4456, 0.481, 0.4956, 0.5174, 0.5238, 0.5334, 0.5458, 0.5486, 0.5692, 0.5704, 0.5702, 0.564, 0.5672, 0.557, 0.559, 0.5822, 0.5502, 0.5662, 0.5596, 0.561, 0.5764, 0.5618, 0.5632, 0.5622, 0.5592, 0.571, 0.5694, 0.5592, 0.5626, 0.5528, 0.555, 0.567, 0.567, 0.5654, 0.5616]
