Cifar10, Federated Model, IDD, minibatch_size: 32
FedTrainE1B32 = [1.8120924249649049, 1.4507386832555136, 1.2732708508809407, 1.1729598071416218, 1.0717068597157797, 1.01959021692276, 0.937581765238444, 0.8753474357287089, 0.8310815775235494, 0.769748565642039, 0.7112525726318359, 0.692358021958669, 0.6244961900552114, 0.5672719278653463, 0.5443839505513509, 0.49082189739545184, 0.4444519851366679, 0.4043673543294271, 0.3633894646644592, 0.31840648113886516, 0.2982431107123693, 0.2567273995717367, 0.21561255815823874, 0.19526429443359375, 0.18690375894705455, 0.156114204788208, 0.1357087368408839, 0.10909119570652644, 0.09511783778468767, 0.08016870568990707, 0.0707047750989596, 0.05867577165365219, 0.050153309206167854, 0.05451250838140646, 0.051360046901305516, 0.03975546954025825]
FedTestE1B32 = [1.8174157922744751, 1.4640419908523559, 1.3094822452545165, 1.2442490190505981, 1.171640895462036, 1.145582333946228, 1.1001833311080933, 1.077429460144043, 1.0724856460571288, 1.0388636524200439, 1.0324092847824096, 1.0756242404937744, 1.045843391418457, 1.0374629875183106, 1.06388330783844, 1.0419273754119873, 1.0696476428985595, 1.0963460304260253, 1.111702147102356, 1.1503884775161743, 1.169268121910095, 1.2243018218994142, 1.246823433303833, 1.3242198741912843, 1.3549983095169067, 1.4337869766235352, 1.4598857055664063, 1.4959736183166503, 1.5696137870788573, 1.6337393253326415, 1.661027643966675, 1.7353505172729493, 1.802178116607666, 1.8395204473495483, 1.9208304084777832, 1.9556616439819337]
FedAccuracyE1B32 = [0.3606, 0.4722, 0.5424, 0.556, 0.5868, 0.5956, 0.615, 0.6288, 0.626, 0.6438, 0.6484, 0.6368, 0.6558, 0.6594, 0.6506, 0.6588, 0.6634, 0.6622, 0.663, 0.6618, 0.658, 0.6562, 0.665, 0.6602, 0.6594, 0.6588, 0.655, 0.6596, 0.6506, 0.649, 0.661, 0.6562, 0.6496, 0.648, 0.6518, 0.6512]
