Cifar, Centralized, IDD, minibatch_size: 32
NFTrain = [1.6503605536778767, 1.2671009269714355, 1.0511805345217387, 0.8741055162429809, 0.6820794400215149, 0.4978061183611552, 0.31885781636834143, 0.1854474185705185, 0.1310202842871348, 0.10738440229694049, 0.08654281252920627, 0.08370306229839722, 0.05825781507442395, 0.06900884910573563, 0.07053629443657895, 0.0584413308861355, 0.057970587514837586, 0.05818353478250404, 0.06752251993287355, 0.05227618716483315, 0.04202020968394354, 0.025681701381426926, 0.06745170376816144, 0.04772835053947444, 0.06333319030660205, 0.028304979161378772, 0.03420539249037392, 0.0354599810568771, 0.0837679338324815, 0.04228580712893357, 0.020320579567959553, 0.0527149352264901, 0.044992177989931464, 0.037352922997658605, 0.03391091132218329, 0.042737333896375886]
NFTest = [1.3979684209823608, 1.208496710395813, 1.2016480459213257, 1.1115185972213746, 1.104093397140503, 1.2558729921340943, 1.5323504980087281, 1.634545426750183, 1.777337382888794, 2.030016909408569, 2.2109087453842164, 2.3362186376571654, 2.516293851852417, 2.5315289707183837, 2.573296990966797, 2.637988790512085, 2.8977799270629885, 2.833468797683716, 2.9162969009399413, 3.006546387863159, 3.0636483030319215, 3.2611327239990233, 3.3928250789642336, 3.6396605617523194, 3.3214831962585447, 3.6126540187835694, 3.589943468475342, 3.734753011703491, 3.4489677143096924, 3.548055693244934, 3.9813675956726073, 3.900057113647461, 3.93589221496582, 4.193346073150635, 4.027117534255981, 4.011808771896362]
NFAccuracy = [0.4984, 0.5669, 0.5791, 0.6254, 0.6338, 0.6292, 0.6084, 0.6232, 0.6242, 0.6148, 0.6199, 0.6131, 0.6152, 0.621, 0.617, 0.6092, 0.6057, 0.6094, 0.6068, 0.5946, 0.6152, 0.5963, 0.6069, 0.5968, 0.6047, 0.5992, 0.607, 0.5942, 0.5963, 0.6125, 0.602, 0.5838, 0.5935, 0.5873, 0.5934, 0.604]
