Cifar, Centralized, IDD, minibatch_size: 32
NFTrainReg = [1.7476657870610555, 1.4043929613749186, 1.2482168203353883, 1.1237289436976114, 1.015148253218333, 0.907902426592509, 0.8332236481348674, 0.748930469640096, 0.6665121891657512, 0.5881718486150106, 0.5339114033381144, 0.460746636835734, 0.43064874811967213, 0.39234764149983725, 0.34672505575021106, 0.32669453778266905, 0.2965403599182765, 0.27192347653706866, 0.2619580946445465, 0.24856138186454774, 0.23033552010059358, 0.22375550852616627, 0.21966693929831188, 0.2009395707766215, 0.22096557687520982, 0.1947068472445011, 0.18515958492954573, 0.1737716866294543, 0.18236839893658957, 0.17114830532670022, 0.17141224296689034, 0.1710599267800649, 0.15065822081764538, 0.14630905938049157, 0.1562080093562603, 0.16361070844332376]
NFTestReg = [1.4355864738464355, 1.27835485496521, 1.1814612911224365, 1.134680788040161, 1.085620892715454, 1.0868615270614623, 1.113302370071411, 1.0784716291427612, 1.079150436592102, 1.1314818691253663, 1.153502319908142, 1.1720621940612792, 1.2311167301177979, 1.241686940383911, 1.3335664596557617, 1.2952767360687256, 1.4089239948272705, 1.4561902172088623, 1.5391462467193604, 1.4440808532714844, 1.5193186519622803, 1.5506953327178956, 1.567479891204834, 1.6888096462249755, 1.668129294204712, 1.5891226577758788, 1.5811844633102417, 1.7730255857467652, 1.790324899673462, 1.8473278614044188, 1.9019666553497314, 1.8307232234954833, 1.8558224571228028, 1.8816617668151856, 1.9732881057739258, 1.9142426616668702]
NFAccuracyReg = [0.4744, 0.542, 0.5812, 0.5952, 0.6278, 0.6332, 0.615, 0.6332, 0.6408, 0.6416, 0.639, 0.6494, 0.6454, 0.6456, 0.6474, 0.6466, 0.6304, 0.6456, 0.6366, 0.6436, 0.6494, 0.645, 0.6394, 0.6352, 0.6428, 0.6412, 0.6458, 0.6438, 0.6422, 0.6462, 0.6412, 0.6426, 0.6474, 0.6462, 0.6404, 0.6458]
