MIA, Weight Transfer, IDD, minibatch_size: 32
per_class = [0.6081694402420574, 0.5738636363636364, 0.6914468425259792, 0.72544080604534, 0.7017167381974249, 0.6830154405086285, 0.6169741697416974, 0.5873213175885643, 0.5795454545454546, 0.6248062015503876]
average = 0.67435
