MIA, Ensemble, IDD, minibatch_size: 32
per_class = [0.5544910179640719, 0.5648351648351648, 0.5963149078726968, 0.6968911917098446, 0.6525612472160356, 0.5537190082644629, 0.5367561260210035, 0.571072319201995, 0.5361390667886551, 0.5983739837398374]
average = 0.55145
