Cifar10, Federated Model, IDD, minibatch_size: 32
FedTrainE2B32 = [1.7190868456522623, 1.1131337566693624, 0.8300226512591045, 0.6227760559082032, 0.41946761371294655, 0.2705371857325236, 0.18940109881560008, 0.10781233099897702, 0.09560174519618352, 0.04638966251413027, 0.03166886219978333, 0.030789678584287564, 0.024806022343039514, 0.022004060538609822, 0.020579146180798612, 0.015578778261629244, 0.007709552671853453, 0.00874108122282972]
FedTestE2B32 = [1.7274503517150879, 1.2152169994354247, 1.0915525171279907, 1.092825800704956, 1.137821162414551, 1.2131395082473755, 1.3835479984283447, 1.4519295692443848, 1.584189513015747, 1.6655257278442384, 1.751442325592041, 1.8792071899414062, 1.8962591331481933, 2.0467533573150636, 2.253143200683594, 2.2856051094055174, 2.2881374797821046, 2.3218160091400146]
FedAccuracyE2B32 = [0.4804, 0.5704, 0.6182, 0.6418, 0.6546, 0.6528, 0.646, 0.6546, 0.6468, 0.6524, 0.6492, 0.6392, 0.6404, 0.643, 0.6394, 0.6458, 0.641, 0.6444]
