Cifar10, Federated Model, IDD, minibatch_size: 32
FedTrainE1B64 = [1.9538109624226887, 1.4957494778951008, 1.368831613222758, 1.251247218577067, 1.1500317196528116, 1.0627270429293314, 0.9957677424112956, 0.8989326822598775, 0.8279542959213256, 0.7684144276618957, 0.7040947226524353, 0.6276398010571798, 0.5714808878262838, 0.49321157479286193, 0.44102488951683044, 0.3823825440565745, 0.3127202129205068, 0.2647060914039612, 0.2291559043010076, 0.18369795444011688, 0.14984356955687206, 0.11610748518705367, 0.09668949808279673, 0.08185043704112371, 0.06735671968062719, 0.05398209358851115, 0.03263679219981035, 0.034803548257052896, 0.025102275306234757, 0.024837820739050706, 0.026912313095728557, 0.021504257761935392, 0.013745997457951306, 0.0098405336899062, 0.012973574215297897, 0.008250654775152603]
FedTestE1B64 = [1.9603185569763184, 1.508543040084839, 1.3976048183441163, 1.3098446418762206, 1.2364388599395753, 1.1912625106811523, 1.1577919498443603, 1.1055513822555543, 1.0771234287261964, 1.0792787401199342, 1.0701719017028808, 1.059873288154602, 1.0716040655136108, 1.0701536552429198, 1.0846202770233155, 1.1129763792037963, 1.1333401382446289, 1.162716512107849, 1.2355062032699584, 1.2671275381088256, 1.3694335609436035, 1.3920907823562623, 1.4954659378051758, 1.525462907600403, 1.5214538551330565, 1.6441617515563964, 1.7528104732513428, 1.803363366127014, 1.8379573696136475, 1.903789399909973, 2.067592351913452, 2.0367508724212646, 2.0501756805419924, 2.1697665599822997, 2.1961711643218993, 2.269795993041992]
FedAccuracyE1B64 = [0.3952, 0.4628, 0.5102, 0.5348, 0.5642, 0.5854, 0.5968, 0.6104, 0.6304, 0.6326, 0.641, 0.6386, 0.6436, 0.6552, 0.6514, 0.6498, 0.6524, 0.6584, 0.6606, 0.6566, 0.6542, 0.6552, 0.6534, 0.6468, 0.6536, 0.6474, 0.6538, 0.6482, 0.6518, 0.6404, 0.6402, 0.6402, 0.647, 0.6506, 0.6462, 0.651]
