Cifar, Centralized, IDD, minibatch_size: 32
NFTrain = [1.6837434741338093, 1.3067467396100363, 1.0917863836924235, 0.9014857685407003, 0.7230216427167256, 0.5291012567520141, 0.3753383970181147, 0.2316317678610484, 0.152529974424839, 0.11753801048795383, 0.07913150800640384, 0.09420777235080799, 0.05784355753635367, 0.06738233531415462, 0.07657660893748204, 0.06473437037418286, 0.06271671025107305, 0.056676666676066814, 0.03635619027186185, 0.05440585599609961, 0.07100735303399464, 0.04864956703328838, 0.02967703724334327, 0.04065031239117185, 0.04625446909864744, 0.06496813098316391, 0.03851083794085231, 0.03468146791715796, 0.035876341124080745, 0.046011252919196464, 0.032453553760792904, 0.0567091147592136, 0.04784845720428663, 0.04159276871706049, 0.03216831515688682, 0.026583811927742014]
NFTest = [1.5035865642547608, 1.2262094341278076, 1.1944383777618408, 1.2421412418365478, 1.1444863544464112, 1.2219188674926758, 1.4394307037353515, 1.6303957386016845, 1.9410783878326416, 1.9997778602600098, 2.15736135597229, 2.257057525253296, 2.6587545539855957, 2.633570783615112, 2.9129480155944822, 2.8065432373046875, 2.797438397216797, 2.924867052078247, 3.456953448486328, 3.1685891807556152, 3.032736905670166, 3.2986581153869627, 3.5266333457946777, 3.7692261749267577, 3.481092652130127, 3.3826406158447266, 3.7613683784484864, 3.752562735748291, 4.03839588470459, 4.018548948669434, 3.9658352760314943, 4.200963156890869, 4.003199180603027, 3.8985878593444823, 4.279157091522217, 4.126312239837646]
NFAccuracy = [0.455, 0.5634, 0.5812, 0.5894, 0.6238, 0.636, 0.6198, 0.6216, 0.6092, 0.611, 0.6202, 0.608, 0.5894, 0.6044, 0.5894, 0.6102, 0.6094, 0.619, 0.6048, 0.6054, 0.5992, 0.6074, 0.619, 0.5992, 0.59, 0.603, 0.599, 0.5966, 0.608, 0.6084, 0.6028, 0.5936, 0.5964, 0.6006, 0.5996, 0.6016]
