Cifar10, Federated Model, IDD, minibatch_size: 32
FedTrainE2B64 = [1.8440506306330362, 1.2917997962315877, 1.0826869403839112, 0.9048893172899882, 0.7321502442359924, 0.6244871083259582, 0.4516671512444814, 0.34712416852315264, 0.23230225086212158, 0.16132451618115107, 0.1101576961517334, 0.08564256373047828, 0.05797970066467921, 0.04271265338758628, 0.03069827155570189, 0.02082407383422057, 0.022241213589906692, 0.019129883465295035]
FedTestE2B64 = [1.847861624145508, 1.3490605903625488, 1.2168083740234374, 1.1375018642425536, 1.0961643318176268, 1.137599451828003, 1.1673275506973266, 1.2570735397338868, 1.3533924819946288, 1.4590468349456787, 1.5933455741882325, 1.660975704574585, 1.7865114765167236, 1.839018043899536, 1.9715490795135497, 2.012424967575073, 2.1564098083496095, 2.192657141494751]
FedAccuracyE2B64 = [0.4226, 0.5202, 0.5692, 0.6066, 0.6302, 0.6286, 0.641, 0.6342, 0.6398, 0.6358, 0.6352, 0.6348, 0.6322, 0.6306, 0.6288, 0.6302, 0.626, 0.626]
