Cifar10, Federated Model, IDD, minibatch_size: 32
FedTrainE1B32 = [1.9144456855138143, 1.443349615796407, 1.2579548190434773, 1.1069783181826274, 1.0041311643282573, 0.8832575587908427, 0.7997743220011393, 0.7225985526720683, 0.6152534192721049, 0.5361157580534617, 0.44983843274116514, 0.3682882112820943, 0.2965886715888977, 0.253103821404775, 0.19649163038333256, 0.15414429963429768, 0.10410629888772964, 0.0861696387966474, 0.05991438088218371, 0.05415715207656224, 0.03927617767055829, 0.03259025764912367, 0.029508425251146157, 0.022355081415176392, 0.01633909540635844, 0.01585704234863321, 0.01270387728313605, 0.014905274776245156, 0.016784179696502786, 0.014314106325308482, 0.011833220256182055, 0.007758267977833748, 0.008355558728892357, 0.004507561360873903, 0.0045871904235566035, 0.006049091371754184]
FedTestE1B32 = [1.9215739448547364, 1.4635343873977662, 1.312690761566162, 1.212512799835205, 1.1587741767883302, 1.0993259618759155, 1.085431979751587, 1.0840537714004517, 1.0432917766571046, 1.07140795173645, 1.0947870086669922, 1.1147556543350219, 1.1708192752838136, 1.2372966709136963, 1.2855799139022828, 1.361772603225708, 1.4577240814208985, 1.6050541500091553, 1.6567923007965089, 1.7503302555084228, 1.8194106952667237, 1.9236303771972656, 2.0187445407867433, 2.1223089576721192, 2.158272445678711, 2.3174618446350097, 2.2643713596343993, 2.4011430130004885, 2.4220294151306154, 2.5263545600891115, 2.5560475273132326, 2.605966773223877, 2.6984654548645017, 2.7970736251831054, 3.0286185577392577, 3.045504237365723]
FedAccuracyE1B32 = [0.3762, 0.4808, 0.5326, 0.5614, 0.5916, 0.6202, 0.624, 0.6342, 0.6418, 0.6442, 0.65, 0.6456, 0.6462, 0.6398, 0.6432, 0.6378, 0.6446, 0.6406, 0.643, 0.6378, 0.631, 0.641, 0.6352, 0.6336, 0.6324, 0.633, 0.6318, 0.6306, 0.631, 0.631, 0.6306, 0.6308, 0.6282, 0.6356, 0.632, 0.632]
