MIA, Centralized model, IDD, minibatch_size: 32
per_class = [0.6136783733826248, 0.5633720930232559, 0.7291044776119403, 0.7416728349370837, 0.6875434933890049, 0.6898638426626323, 0.6202219482120839, 0.6094710947109471, 0.6156289707750953, 0.6086142322097379]
average = 0.71765
