MIA, Centralized regularized model, IDD, minibatch_size: 32
per_class = [0.6296060991105463, 0.5960712093308779, 0.7195729537366548, 0.7866141732283465, 0.721656976744186, 0.7074102368220015, 0.6246928746928747, 0.6299810246679317, 0.6059850374064838, 0.6448160535117057]
average = 0.74045
