Cifar10, Cyclic Weight Transfer, IDD, minibatch_size: 32
CycTrTrain = [[1.9142982837677003, 1.5754111219406128], [1.4954962560653686, 1.2836850154876709], [1.3696627031326294, 1.1642002056121825], [1.1876956775665284, 0.9628596129417419], [1.063942198562622, 0.8299371164321899], [0.9919884826660156, 0.7196611126899719], [0.8290238615036011, 0.5255130362510682], [0.7450542607307434, 0.42734991960525515], [0.61548307056427, 0.3026594396591187], [0.4646096747159958, 0.19900070190429686], [0.4209181284964085, 0.15636771567761898], [0.31088405900001526, 0.10084998000860214], [0.23874146251678466, 0.08826263622492551], [0.22317359580993654, 0.07730027986615896], [0.2013004368185997, 0.06034939959645271], [0.16450123788714408, 0.046532008086144924], [0.13722998294234276, 0.051577965220808986], [0.15846040680408477, 0.05713762966394424]]
CyctTrTest = [[1.8399285842895508, 1.5264788791656494], [1.4732387504577638, 1.3521035671234132], [1.290690573501587, 1.2964275430679322], [1.2209065492630005, 1.208145301246643], [1.2319773700714112, 1.2622405242919923], [1.154319274711609, 1.1896207891464234], [1.1605646619796752, 1.266567352104187], [1.2619417846679688, 1.3375778305053712], [1.2750830953598022, 1.4120154357910155], [1.4266755430221558, 1.6949843873977661], [1.5270887775421143, 1.7433604659080506], [1.6949602464675904, 1.8165237171173096], [1.8281417079925537, 1.9203942054748535], [1.920219153213501, 2.0779024562835695], [2.1052393520355226, 2.192090336036682], [2.1051095453262327, 2.2197276304244995], [2.4532894926071167, 2.411892988204956], [2.3296043790817262, 2.465558837890625]]
CycTrAccuracy = [[0.332, 0.4442], [0.4655, 0.5272], [0.5392, 0.542], [0.5649, 0.5728], [0.5699, 0.5738], [0.6044, 0.6089], [0.6128, 0.6093], [0.6073, 0.603], [0.6087, 0.6064], [0.5981, 0.6005], [0.6059, 0.6112], [0.6019, 0.6208], [0.5998, 0.6217], [0.6146, 0.602], [0.5935, 0.6097], [0.5909, 0.6161], [0.5827, 0.6132], [0.5914, 0.6003]]
