Cifar10, Federated Model, IDD, minibatch_size: 32
FedTrainE3B32 = [1.905562085088094, 0.9875165435155233, 0.6732404209136963, 0.4563482311725616, 0.2235253631989161, 0.13271687495311102, 0.09216073908011119, 0.08081372732917468, 0.03758499814420938, 0.04778854827632507, 0.020195898637423913, 0.012455493642576039]
FedTestE3B32 = [1.9148120754241944, 1.1566709337234498, 1.1122137831687928, 1.2591619545936585, 1.427089705657959, 1.5427867588996886, 1.7621527479171752, 1.7659530141830444, 1.9131418162345886, 2.0347157098770143, 2.091528136253357, 2.329034348487854]
FedAccuracyE3B32 = [0.3964, 0.593, 0.6284, 0.6332, 0.6485, 0.646, 0.6403, 0.6301, 0.6391, 0.6204, 0.6335, 0.6296]
