Cifar10, Single party 0, IDD, minibatch_size: 32
Ind0Train = [2.0044761699676514, 1.6247760736465453, 1.4576069261550904, 1.2938274002075196, 1.174569024848938, 1.057268553352356, 0.9276051952362061, 0.8385061027526856, 0.7477417406082153, 0.6469531230926514, 0.5545158608913422, 0.4596282647132873, 0.38031379108428953, 0.32440628447532655, 0.26419035234451294, 0.19242582297325134, 0.17887859451770782, 0.1358701526761055, 0.08659958897829056, 0.07130650424957276, 0.051260023856163024, 0.034098636831343176, 0.0241802885979414, 0.014325862790644168, 0.009528298877179623, 0.007161177657917142, 0.005564082795381546, 0.004545192039012909, 0.004753415691107512, 0.003186403116583824, 0.00256803295314312, 0.0022295044127851726, 0.001905291290394962, 0.0016919103428721428, 0.001463573283702135, 0.0012839110681787133]
Ind0Test = [1.7143853244781495, 1.5426767349243165, 1.4317338130950927, 1.3889930297851563, 1.3399159202575683, 1.3274903982162476, 1.3304192317962646, 1.3467218978881836, 1.3577020015716552, 1.465143262863159, 1.4129178981781005, 1.4697766891479491, 1.592418274307251, 1.6722204582214355, 1.7940711921691894, 1.9166829250335693, 1.9591307453155518, 2.169242581176758, 2.2657289894104005, 2.455855207824707, 2.4946547576904297, 2.5664061698913576, 2.6999591484069825, 2.7889173789978026, 2.854072082519531, 2.962361981201172, 3.0180080741882325, 3.10707712020874, 3.140918307495117, 3.212067156982422, 3.2878436866760254, 3.3463383087158203, 3.388251837158203, 3.4397752532958985, 3.4959825729370118, 3.5434571990966797]
Ind0Accuracy = [0.3884, 0.441, 0.497, 0.4912, 0.5202, 0.5376, 0.5418, 0.5692, 0.5696, 0.5448, 0.5766, 0.5694, 0.573, 0.5758, 0.5648, 0.57, 0.5574, 0.558, 0.5702, 0.5578, 0.5588, 0.5672, 0.5664, 0.564, 0.5652, 0.5628, 0.5658, 0.5674, 0.5652, 0.5662, 0.5652, 0.5666, 0.5604, 0.565, 0.5648, 0.5638]
